 <pre>

 Contingency table for Rh2m 2 patch (RHP2)
 Selection: WestNorway     76 stations
Period: 20210716-20210720
Used {00,12} + 25 26 ... 36
 Limits    30.0000000       50.0000000       65.0000000       75.0000000       85.0000000       95.0000000       100.000000    
 Each class is data <= limit, the very last > last limit
 Total number of values        8135
                                              OBSERVATION
                                      0        0        0        0        0        0        0        0 |         0
                                      1       26       22        9        1        0        0        0 |        59
                                      0       84      210      136       33       17        5        0 |       485
                       newsurf        0       25      362      639      438      112       18        0 |      1594
                                      0        9      131      579     1054      642       85        0 |      2500
                                      0        2       46      234      752     1226      300        0 |      2560
                                      0        0       11       33      233      401      165        0 |       843
                                      0        0        3        7       10       44       30        0 |        94

                    SUM               1      146      785     1637     2521     2442      603        0 |      8135
                                              OBSERVATION
                                      0        1        0        0        0        0        0        0 |         1
                                      1       61       63       12        0        0        0        0 |       137
                                      0       63      320      269       79       24        2        0 |       757
                       oldsurf        0       14      264      647      495      142       30        0 |      1592
                                      0        4      103      515     1056      613       93        0 |      2384
                                      0        3       26      160      646     1133      253        0 |      2221
                                      0        0        7       28      226      474      189        0 |       924
                                      0        0        2        6       19       56       36        0 |       119

                    SUM               1      146      785     1637     2521     2442      603        0 |      8135

