 <pre>

 Contingency table for Rh2m 1 patch (RHP1)
 Selection: METCOOP    637 stations
Period: 20210716-20210720
Used {00,12} + 25 26 ... 36
 Limits    30.0000000       50.0000000       65.0000000       75.0000000       85.0000000       95.0000000       100.000000    
 Each class is data <= limit, the very last > last limit
 Total number of values       65896
                                              OBSERVATION
                                      1        6        3        0        0        0        0        0 |        10
                                     85     4331     1519      184       46       30       11        0 |      6206
                                     23     4393     9076     3195      763      230       50        0 |     17730
                       newsurf        7      477     4180     4896     2692      718      138        0 |     13108
                                      1       95     1448     3260     4832     2682      470        0 |     12788
                                      0       20      419     1362     3516     5401     1626        0 |     12344
                                      0        0       44      151      622     1563     1174        0 |      3554
                                      0        0        4        8       22       52       70        0 |       156

                    SUM             117     9322    16693    13056    12493    10676     3539        0 |     65896
                                              OBSERVATION
                                     44      221       18        2        0        0        0        0 |       285
                                     65     6968     4297      596      127       49       20        0 |     12122
                                      7     1932     9096     4901     1508      389       91        0 |     17924
                       oldsurf        1      141     2267     4230     3326      981      188        0 |     11134
                                      0       47      684     2196     4078     2895      506        0 |     10406
                                      0       11      293      981     2849     4786     1496        0 |     10416
                                      0        2       36      144      586     1529     1169        0 |      3466
                                      0        0        2        6       19       47       69        0 |       143

                    SUM             117     9322    16693    13056    12493    10676     3539        0 |     65896

