 <pre>

 Contingency table for Rh2m 2 patch (RHP2)
 Selection: METCOOP    628 stations
Period: 20210716-20210724
Used {00,12} + 25 26 ... 36
 Limits    30.0000000       50.0000000       65.0000000       75.0000000       85.0000000       95.0000000       100.000000    
 Each class is data <= limit, the very last > last limit
 Total number of values      122234
                                              OBSERVATION
                                     88      193        8        0        0        0        0        0 |       289
                                    279    11826     4048      439      110       39       13        0 |     16754
                                     22     5116    16396     6434     1720      490       96        0 |     30274
                       newsurf        1      495     5984     8724     5331     1566      330        0 |     22431
                                      1      114     1868     5175     8749     5786     1221        0 |     22914
                                      0       28      661     2203     5902     9728     3615        0 |     22137
                                      0        0       54      222     1031     3082     2799        0 |      7188
                                      0        0        3        7       12       90      135        0 |       247

                    SUM             391    17772    29022    23204    22855    20781     8209        0 |    122234
                                              OBSERVATION
                                    138      462       24        2        0        0        0        0 |       626
                                    245    14320     8055     1115      302      106       23        0 |     24166
                                      7     2729    15776     9262     3285     1047      247        0 |     32353
                       oldsurf        1      182     3746     7555     6570     2659      679        0 |     21392
                                      0       53      931     3548     7442     6287     1590        0 |     19851
                                      0       22      434     1467     4288     7561     2963        0 |     16735
                                      0        4       54      248      942     3008     2537        0 |      6793
                                      0        0        2        7       26      113      170        0 |       318

                    SUM             391    17772    29022    23204    22855    20781     8209        0 |    122234

