 <pre>

 Contingency table for Cloud cover (octas)
 Selection: FinlandSouth     39 stations
Period: 20210716-20210720
Used {00,12} + 25 26 ... 36
 Limits   0.500000000       1.50000000       2.50000000       3.50000000       4.50000000       5.50000000       6.50000000       7.50000000    
 Each class is data <= limit, the very last > last limit
 Total number of values        4138
                                                       OBSERVATION
                                    949       90       20       26       12       20        5       27        4 |      1153
                                    151       68       15       30       21       23       13       34       10 |       365
                                     84       33       13       22       12       30       14       22        8 |       238
                                     56       36       11       21       13       11        8       25        7 |       188
                       newsurf       49       36        9       32       19       16       14       41       11 |       227
                                     52       31        7       24       16       36       12       57       12 |       247
                                     43       39       18       36       19       42       21       61       14 |       293
                                     69       36       15       30       15       38       23       93       22 |       341
                                    144      103       32       75       51      124       77      409       71 |      1086

                    SUM            1597      472      140      296      178      340      187      769      159 |      4138
                                                       OBSERVATION
                                    979      100       22       31       13       28        8       33        2 |      1216
                                    171       57       18       26       24       15       15       33       10 |       369
                                     60       37        6       20       18       23       12       35       12 |       223
                                     53       37        9       26       17       20       12       27        9 |       210
                       oldsurf       49       33       14       24        9       25       17       31       10 |       212
                                     44       38       15       31       11       34       13       55       10 |       251
                                     41       35       12       27       19       34       25       43        8 |       244
                                     66       41       13       37       23       39       22      106       20 |       367
                                    134       94       31       74       44      122       63      406       78 |      1046

                    SUM            1597      472      140      296      178      340      187      769      159 |      4138

