 <pre>

 Contingency table for Rh2m 2 patch (RHP2)
 Selection: ALL    959 stations
Period: 20210716-20210724
Used {00,12} + 25 26 ... 36
 Limits    30.0000000       50.0000000       65.0000000       75.0000000       85.0000000       95.0000000       100.000000    
 Each class is data <= limit, the very last > last limit
 Total number of values      170227
                                              OBSERVATION
                                    101      259       10        0        1        1        0        0 |       372
                                    294    13509     4475      488      126       43       14        0 |     18949
                                     22     7318    20876     7535     1966      574      114        0 |     38405
                       newsurf        2     1065    10533    12397     6777     2050      400        0 |     33224
                                      1      226     3438     8388    12873     7973     1635        0 |     34534
                                      0       70     1001     3161     8742    14564     5329        0 |     32867
                                      0        1       80      317     1468     5094     4543        0 |     11503
                                      0        0        4        9       19      134      207        0 |       373

                    SUM             420    22448    40417    32295    31972    30433    12242        0 |    170227
                                              OBSERVATION
                                    156      629       32        2        1        1        0        0 |       821
                                    255    17195     9489     1316      372      142       32        0 |     28801
                                      8     4199    22683    12045     4090     1450      335        0 |     44810
                       oldsurf        1      300     6212    11626     9481     3861      923        0 |     32404
                                      0       85     1383     5236    11399     9539     2392        0 |     30034
                                      0       34      544     1782     5556    11512     4761        0 |     24189
                                      0        6       72      281     1045     3799     3573        0 |      8776
                                      0        0        2        7       28      129      226        0 |       392

                    SUM             420    22448    40417    32295    31972    30433    12242        0 |    170227

