 <pre>

 Contingency table for Cloud cover (octas)
 Selection: FinlandLand     56 stations
Period: 20210716-20210720
Used {00,12} + 25 26 ... 36
 Limits   0.500000000       1.50000000       2.50000000       3.50000000       4.50000000       5.50000000       6.50000000       7.50000000    
 Each class is data <= limit, the very last > last limit
 Total number of values        5954
                                                       OBSERVATION
                                    993      111       26       32       15       32        9       63        8 |      1289
                                    165       75       18       35       22       32       16       54       18 |       435
                                    102       36       18       24       17       37       15       39       13 |       301
                                     63       39       14       29       14       14       11       38       16 |       238
                       newsurf       55       43       10       35       21       26       18       62       17 |       287
                                     63       42        9       35       20       49       17       79       17 |       331
                                     49       50       20       45       26       53       29       93       22 |       387
                                     90       46       17       49       22       60       38      157       32 |       511
                                    176      164       49      125       78      230      118      901      334 |      2175

                    SUM            1756      606      181      409      235      533      271     1486      477 |      5954
                                                       OBSERVATION
                                   1016      125       26       38       16       39       13       63        8 |      1344
                                    194       63       20       33       27       23       19       64       15 |       458
                                     82       44        9       25       18       33       17       55       20 |       303
                                     59       45       16       29       23       30       13       40       17 |       272
                       oldsurf       59       38       18       30       11       32       21       48       16 |       273
                                     53       45       16       40       12       44       17       88       21 |       336
                                     52       52       15       40       25       51       36       74       11 |       356
                                     80       56       15       57       30       68       35      184       35 |       560
                                    161      138       46      117       73      213      100      870      334 |      2052

                    SUM            1756      606      181      409      235      533      271     1486      477 |      5954

