 <pre>

 Contingency table for Visibility (m)
 Selection: METCOOP    343 stations
Period: 20210716-20210724
Used {00,12} + 25 26 ... 36
 Limits    1000.00000       5000.00000       10000.0000       20000.0000    
 Each class is data <= limit, the very last > last limit
 Total number of values       62980
                                     OBSERVATION
                                     16       66       56       73      124 |       335
                                     47      172      259      601     1240 |      2319
                       newsurf       41       92      214      834     1925 |      3106
                                     27      149      270     2112     9740 |     12298
                                     44      138      511     5274    38955 |     44922

                    SUM             175      617     1310     8894    51984 |     62980
                                     OBSERVATION
                                     15       72       66       74      137 |       364
                                     39      160      259      465      969 |      1892
                       oldsurf       40       98      183      601     1159 |      2081
                                     36      150      271     1953     7898 |     10308
                                     45      137      531     5801    41821 |     48335

                    SUM             175      617     1310     8894    51984 |     62980

