 <pre>

 Contingency table for Visibility (m)
 Selection: Norrland     67 stations
Period: 20210716-20210724
Used {00,12} + 25 26 ... 36
 Limits    1000.00000       5000.00000       10000.0000       20000.0000    
 Each class is data <= limit, the very last > last limit
 Total number of values       13223
                                     OBSERVATION
                                      1       48       45       52      110 |       256
                                      1       49      102      150      520 |       822
                       newsurf        0       12       44       78      381 |       515
                                      1       21       54      188     1896 |      2160
                                      4       18       43      294     9111 |      9470

                    SUM               7      148      288      762    12018 |     13223
                                     OBSERVATION
                                      1       53       56       64      132 |       306
                                      1       50      123      161      532 |       867
                       oldsurf        0       12       34       77      272 |       395
                                      1       15       38      150     1644 |      1848
                                      4       18       37      310     9438 |      9807

                    SUM               7      148      288      762    12018 |     13223

