 <pre>

 Contingency table for Cloud cover (octas)
 Selection: METCOOP    275 stations
Period: 20210716-20210720
Used {00,12} + 25 26 ... 36
 Limits   0.500000000       1.50000000       2.50000000       3.50000000       4.50000000       5.50000000       6.50000000       7.50000000    
 Each class is data <= limit, the very last > last limit
 Total number of values       25127
                                                       OBSERVATION
                                   5677      652      234      214      141      155      119      186      110 |      7488
                                    968      278      118      146      100      109       87      164      121 |      2091
                                    489      157       64       84       72      106       75      123       89 |      1259
                                    375      125       58       96       67       63       43      119       81 |      1027
                       newsurf      355      144       73       92       82       78       67      161       94 |      1146
                                    311      139       44      131       67      135       87      192      105 |      1211
                                    303      150       65      119       81      132      106      257      136 |      1349
                                    457      163       85      162       91      176      139      412      225 |      1910
                                   1021      503      218      389      278      591      460     2051     2135 |      7646

                    SUM            9956     2311      959     1433      979     1545     1183     3665     3096 |     25127
                                                       OBSERVATION
                                   5901      699      254      253      155      189      135      214      108 |      7908
                                    964      245       98      135      116      116       85      164       98 |      2021
                                    431      157       53       98       66      120       74      148       96 |      1243
                                    354      135       61       94       72       74       53      131       95 |      1069
                       oldsurf      325      156       74       99       66       86       72      159       83 |      1120
                                    302      143       73      109       57      125       88      203      109 |      1209
                                    303      174       68      117       82      111      116      222      143 |      1336
                                    446      181       79      158      112      179      136      434      230 |      1955
                                    930      421      199      370      253      545      424     1990     2134 |      7266

                    SUM            9956     2311      959     1433      979     1545     1183     3665     3096 |     25127

