 <pre>

 Contingency table for Visibility (m)
 Selection: Gotaland     48 stations
Period: 20210716-20210724
Used {00,12} + 25 26 ... 36
 Limits    1000.00000       5000.00000       10000.0000       20000.0000    
 Each class is data <= limit, the very last > last limit
 Total number of values        9405
                                     OBSERVATION
                                      3        3        3        8        0 |        17
                                     17       51       65      158      237 |       528
                       newsurf       15       17       35      174      458 |       699
                                      5        8       22      245     1759 |      2039
                                     10       24       49      595     5444 |      6122

                    SUM              50      103      174     1180     7898 |      9405
                                     OBSERVATION
                                      2        2        5        5        1 |        15
                                     16       33       42       76       77 |       244
                       oldsurf       17       25       45      137      281 |       505
                                      5       17       32      288     1461 |      1803
                                     10       26       50      674     6078 |      6838

                    SUM              50      103      174     1180     7898 |      9405

