 <pre>

 Contingency table for Visibility (m)
 Selection: Norrland     67 stations
Period: 20210716-20210720
Used {00,12} + 25 26 ... 36
 Limits    1000.00000       5000.00000       10000.0000       20000.0000    
 Each class is data <= limit, the very last > last limit
 Total number of values        6975
                                     OBSERVATION
                                      0       13        9       14       18 |        54
                                      0       23       59       76      192 |       350
                       newsurf        0       10       35       45      160 |       250
                                      1       14       44      138      936 |      1133
                                      2       12       32      206     4936 |      5188

                    SUM               3       72      179      479     6242 |      6975
                                     OBSERVATION
                                      0       14       15       15       30 |        74
                                      0       27       78       99      223 |       427
                       oldsurf        0        9       28       46      144 |       227
                                      1       12       30       95      741 |       879
                                      2       10       28      224     5104 |      5368

                    SUM               3       72      179      479     6242 |      6975

