 <pre>

 Contingency table for Visibility (m)
 Selection: Finland     95 stations
Period: 20210716-20210720
Used {00,12} + 25 26 ... 36
 Limits    1000.00000       5000.00000       10000.0000       20000.0000    
 Each class is data <= limit, the very last > last limit
 Total number of values       10065
                                     OBSERVATION
                                      0        0        1        2        1 |         4
                                      6       14       27       93      121 |       261
                       newsurf        3        7       18       88      217 |       333
                                      4       13       18      315     1219 |      1569
                                      3       16       33     1107     6739 |      7898

                    SUM              16       50       97     1605     8297 |     10065
                                     OBSERVATION
                                      0        1        0        0        0 |         1
                                      6       18       32       93      104 |       253
                       oldsurf        1        5       11       57      132 |       206
                                      5       15       19      250      799 |      1088
                                      4       11       35     1205     7262 |      8517

                    SUM              16       50       97     1605     8297 |     10065

