 <pre>

 Contingency table for Visibility (m)
 Selection: SwedenOpenLandWind     56 stations
Period: 20210716-20210724
Used {00,12} + 25 26 ... 36
 Limits    1000.00000       5000.00000       10000.0000       20000.0000    
 Each class is data <= limit, the very last > last limit
 Total number of values       10890
                                     OBSERVATION
                                      0       40       34       36       64 |       174
                                      4       30       61       88      182 |       365
                       newsurf        3       14       43       79      239 |       378
                                      2       18       30      151     1269 |      1470
                                      4       18       48      449     7984 |      8503

                    SUM              13      120      216      803     9738 |     10890
                                     OBSERVATION
                                      0       44       40       46       67 |       197
                                      0       22       57       69      169 |       317
                       oldsurf        7       15       34       47      135 |       238
                                      2       17       38      152     1058 |      1267
                                      4       22       47      489     8309 |      8871

                    SUM              13      120      216      803     9738 |     10890

