 <pre>

 Contingency table for Visibility (m)
 Selection: METCOOP    342 stations
Period: 20210716-20210720
Used {00,12} + 25 26 ... 36
 Limits    1000.00000       5000.00000       10000.0000       20000.0000    
 Each class is data <= limit, the very last > last limit
 Total number of values       33352
                                     OBSERVATION
                                      2       24       19       23       21 |        89
                                     29       87      148      310      461 |      1035
                       newsurf       22       45      115      414      851 |      1447
                                      8       72      150     1148     5139 |      6517
                                      9       68      279     2900    21008 |     24264

                    SUM              70      296      711     4795    27480 |     33352
                                     OBSERVATION
                                      3       26       23       20       31 |       103
                                     23       78      146      254      385 |       886
                       oldsurf       22       47       98      254      488 |       909
                                     11       77      149      995     3791 |      5023
                                     11       68      295     3272    22785 |     26431

                    SUM              70      296      711     4795    27480 |     33352

