 <pre>

 Contingency table for Visibility (m)
 Selection: Sweden    157 stations
Period: 20210716-20210720
Used {00,12} + 25 26 ... 36
 Limits    1000.00000       5000.00000       10000.0000       20000.0000    
 Each class is data <= limit, the very last > last limit
 Total number of values       16363
                                     OBSERVATION
                                      1       18       15       17       18 |        69
                                     16       59       98      138      298 |       609
                       newsurf       14       22       72      137      436 |       681
                                      4       23       57      306     2449 |      2839
                                      3       25       63      654    11420 |     12165

                    SUM              38      147      305     1252    14621 |     16363
                                     OBSERVATION
                                      2       17       20       19       30 |        88
                                     12       45       93      121      257 |       528
                       oldsurf       17       28       69      101      263 |       478
                                      4       26       63      273     1723 |      2089
                                      3       31       60      738    12348 |     13180

                    SUM              38      147      305     1252    14621 |     16363

