 <pre>

 Contingency table for Cloud cover (octas)
 Selection: ALL    590 stations
Period: 20210716-20210720
Used {00,12} + 25 26 ... 36
 Limits   0.500000000       1.50000000       2.50000000       3.50000000       4.50000000       5.50000000       6.50000000       7.50000000    
 Each class is data <= limit, the very last > last limit
 Total number of values       47245
                                                       OBSERVATION
                                   8334     1151      624      436      251      302      297      288      266 |     11949
                                   1598      481      325      283      193      217      226      291      281 |      3895
                                    788      242      163      159      146      199      190      245      229 |      2361
                                    581      187      128      182      119      147      153      211      232 |      1940
                       newsurf      541      225      168      171      128      147      165      278      243 |      2066
                                    522      219      163      213      134      208      213      344      287 |      2303
                                    538      240      174      227      177      251      239      452      390 |      2688
                                    786      285      217      302      206      327      375      702      649 |      3849
                                   1870      859      643      788      675     1125     1340     3751     5143 |     16194

                    SUM           15558     3889     2605     2761     2029     2923     3198     6562     7720 |     47245
                                                       OBSERVATION
                                   9139     1324      719      574      311      410      358      375      323 |     13533
                                   1494      451      304      292      224      260      271      335      286 |      3917
                                    690      250      152      188      142      218      200      284      261 |      2385
                                    535      217      160      167      139      155      161      247      244 |      2025
                       oldsurf      489      230      167      184      124      163      168      273      235 |      2033
                                    481      213      166      180      127      206      221      358      334 |      2286
                                    484      262      175      210      182      211      271      439      416 |      2650
                                    721      275      230      287      229      323      360      774      724 |      3923
                                   1525      667      532      679      551      977     1188     3477     4897 |     14493

                    SUM           15558     3889     2605     2761     2029     2923     3198     6562     7720 |     47245

