 <pre>

 Contingency table for Visibility (m)
 Selection: ALL    692 stations
Period: 20210716-20210724
Used {00,12} + 25 26 ... 36
 Limits    1000.00000       5000.00000       10000.0000       20000.0000    
 Each class is data <= limit, the very last > last limit
 Total number of values      113656
                                     OBSERVATION
                                     62       98       96      128      158 |       542
                                    154      600     1036     2054     2283 |      6127
                       newsurf      120      483     1160     3956     5553 |     11272
                                     68      477     1824     8175    22506 |     33050
                                     52      253     2097    12700    47563 |     62665

                    SUM             456     1911     6213    27013    78063 |    113656
                                     OBSERVATION
                                     60       99       91       90      158 |       498
                                    126      423      790     1168     1382 |      3889
                       oldsurf      111      480      994     2976     3313 |      7874
                                    107      605     1757     7701    18826 |     28996
                                     52      304     2581    15078    54384 |     72399

                    SUM             456     1911     6213    27013    78063 |    113656

