 <pre>

 Contingency table for Visibility (m)
 Selection: METCOOPMountain     15 stations
Period: 20210716-20210724
Used {00,12} + 25 26 ... 36
 Limits    1000.00000       5000.00000       10000.0000       20000.0000    
 Each class is data <= limit, the very last > last limit
 Total number of values        2875
                                     OBSERVATION
                                      0       13       13       23       67 |       116
                                      1       26       60       84      221 |       392
                       newsurf        0       11       34       78      163 |       286
                                      1       12       33      159      598 |       803
                                      0        3       16      130     1129 |      1278

                    SUM               2       65      156      474     2178 |      2875
                                     OBSERVATION
                                      0       15       15       25       74 |       129
                                      1       28       81       95      243 |       448
                       oldsurf        0       11       20       67      134 |       232
                                      1        9       29      126      551 |       716
                                      0        2       11      161     1176 |      1350

                    SUM               2       65      156      474     2178 |      2875

