 <pre>

 Contingency table for Cloud cover (octas)
 Selection: Svealand     29 stations
Period: 20210716-20210724
Used {00,12} + 25 26 ... 36
 Limits   0.500000000       1.50000000       2.50000000       3.50000000       4.50000000       5.50000000       6.50000000       7.50000000    
 Each class is data <= limit, the very last > last limit
 Total number of values        5697
                                                       OBSERVATION
                                   2840      167       76       51       37       39       28       21       34 |      3293
                                    330       42       26       31       21       14       22       21       30 |       537
                                    169       20        8       11        8       12       11       11       24 |       274
                                    124       16       14        8        7        8        8       13       23 |       221
                       newsurf      106       17       18        5        3       10       11       12       22 |       204
                                     90       13        8       15        8       17       10       16       19 |       196
                                    100       19       13        7       10       13       11       24       15 |       212
                                    125       18        9       14        7       13       15       29       27 |       257
                                    257       35       21       20       15       23       21       36       75 |       503

                    SUM            4141      347      193      162      116      149      137      183      269 |      5697
                                                       OBSERVATION
                                   2880      168       79       51       44       39       35       27       32 |      3355
                                    317       43       14       23       11       13       15       11       23 |       470
                                    161       21       14       15        9       13        9       17       23 |       282
                                    133       17       17       10       10       14        8       16       24 |       249
                       oldsurf      114       18       14        9        6       11       14       18       17 |       221
                                    101       11       15       11        9       16       13       15       26 |       217
                                     89       17        9        7        5       11       12       14       29 |       193
                                    138       17       12       11       10       12       16       31       34 |       281
                                    208       35       19       25       12       20       15       34       61 |       429

                    SUM            4141      347      193      162      116      149      137      183      269 |      5697

