 <pre>

 Contingency table for Rh2m (%)
 Selection: WestNorway     77 stations
Period: 20210716-20210720
Used {00,12} + 25 26 ... 36
 Limits    30.0000000       50.0000000       65.0000000       75.0000000       85.0000000       95.0000000       100.000000    
 Each class is data <= limit, the very last > last limit
 Total number of values        8243
                                              OBSERVATION
                                      0        0        0        0        0        0        0        0 |         0
                                      1       22       17        6        1        0        0        0 |        47
                                      0       83      182      100       19       15        4        0 |       403
                       newsurf        0       28      372      616      374      109       10        0 |      1509
                                      0       11      159      667     1129      652       91        0 |      2709
                                      0        2       43      245      779     1258      308        0 |      2635
                                      0        0       13       34      239      398      169        0 |       853
                                      0        0        1        8       11       41       26        0 |        87

                    SUM               1      146      787     1676     2552     2473      608        0 |      8243
                                              OBSERVATION
                                      0        1        0        0        0        0        0        0 |         1
                                      1       58       48       10        0        0        0        0 |       117
                                      0       66      291      183       47       18        3        0 |       608
                       oldsurf        0       11      301      675      448      120       24        0 |      1579
                                      0        7      112      596     1137      677      101        0 |      2630
                                      0        3       26      178      678     1176      269        0 |      2330
                                      0        0        7       28      226      438      188        0 |       887
                                      0        0        2        6       16       44       23        0 |        91

                    SUM               1      146      787     1676     2552     2473      608        0 |      8243

