 <pre>

 Contingency table for Cloud cover (octas)
 Selection: Finland     94 stations
Period: 20210716-20210724
Used {00,12} + 25 26 ... 36
 Limits   0.500000000       1.50000000       2.50000000       3.50000000       4.50000000       5.50000000       6.50000000       7.50000000    
 Each class is data <= limit, the very last > last limit
 Total number of values       18809
                                                       OBSERVATION
                                   3015      311       68      100       61       84       34      164       19 |      3856
                                    629      203       54      106       52      102       48      179       59 |      1432
                                    381      136       57       70       43       82       48      141       48 |      1006
                                    271      116       32       76       38       39       33      131       54 |       790
                       newsurf      240      123       35       90       45       76       44      186       58 |       897
                                    243      127       29      100       43      116       52      211       55 |       976
                                    234      121       52      104       75      117       71      284       81 |      1139
                                    357      164       50      149       64      151       99      475      161 |      1670
                                    717      473      177      355      202      568      332     2836     1383 |      7043

                    SUM            6087     1774      554     1150      623     1335      761     4607     1918 |     18809
                                                       OBSERVATION
                                   3225      375       88      137       56      115       42      207       39 |      4284
                                    659      197       57      122       60       80       57      209       61 |      1502
                                    339      117       43       80       45       99       49      169       63 |      1004
                                    253      120       39       73       52       64       36      150       45 |       832
                       oldsurf      241      123       43       79       37       70       44      178       62 |       877
                                    230      131       33       79       37      106       50      204       62 |       932
                                    240      149       47       98       61      107       82      247       62 |      1093
                                    307      179       56      138       83      173       92      501      143 |      1672
                                    593      383      148      344      192      521      309     2742     1381 |      6613

                    SUM            6087     1774      554     1150      623     1335      761     4607     1918 |     18809

