 <pre>

 Contingency table for Cloud cover (octas)
 Selection: FinlandSouth     39 stations
Period: 20210716-20210724
Used {00,12} + 25 26 ... 36
 Limits   0.500000000       1.50000000       2.50000000       3.50000000       4.50000000       5.50000000       6.50000000       7.50000000    
 Each class is data <= limit, the very last > last limit
 Total number of values        7812
                                                       OBSERVATION
                                   1333      141       28       53       24       38       14       59        9 |      1699
                                    296      104       24       68       33       50       24       90       31 |       720
                                    159       64       26       42       20       40       24       65       23 |       463
                                    121       65       17       40       18       19       17       57       26 |       380
                       newsurf       95       54       16       49       25       34       26       91       28 |       418
                                    105       61       17       41       22       62       24      110       32 |       474
                                     89       59       27       60       36       63       37      121       35 |       527
                                    145       81       24       62       34       71       44      199       70 |       730
                                    313      206       65      148       84      218      135      922      310 |      2401

                    SUM            2656      835      244      563      296      595      345     1714      564 |      7812
                                                       OBSERVATION
                                   1443      167       33       68       26       54       23       88       19 |      1921
                                    303      115       28       65       31       39       31       97       38 |       747
                                    138       59       22       49       32       40       22       71       31 |       464
                                    109       68       16       46       30       36       20       64       18 |       407
                       oldsurf       96       51       22       45       12       40       30       78       27 |       401
                                     91       62       18       38       20       54       20       99       25 |       427
                                     89       60       17       46       30       53       45       95       26 |       461
                                    130       84       28       65       37       69       37      210       62 |       722
                                    257      169       60      141       78      210      117      912      318 |      2262

                    SUM            2656      835      244      563      296      595      345     1714      564 |      7812

