 <pre>

 Contingency table for Cloud cover (octas)
 Selection: Sweden    109 stations
Period: 20210716-20210724
Used {00,12} + 25 26 ... 36
 Limits   0.500000000       1.50000000       2.50000000       3.50000000       4.50000000       5.50000000       6.50000000       7.50000000    
 Each class is data <= limit, the very last > last limit
 Total number of values       21428
                                                       OBSERVATION
                                   6923      539      235      166      129      122      111      104      153 |      8482
                                   1085      177       98      111       72       55       71       90      143 |      1902
                                    555       99       51       52       44       50       59       60      105 |      1075
                                    429       77       48       51       52       42       31       54       99 |       883
                       newsurf      420       81       65       37       46       40       45       60       87 |       881
                                    379       61       40       66       37       70       51       84      105 |       893
                                    402       69       43       59       57       59       63       88      133 |       973
                                    554       98       75       84       64      103       95      158      209 |      1440
                                   1157      266      182      222      192      287      301      649     1643 |      4899

                    SUM           11904     1467      837      848      693      828      827     1347     2677 |     21428
                                                       OBSERVATION
                                   7006      530      239      181      147      140      130      108      153 |      8634
                                   1150      167       87       86       80       72       70       77      126 |      1915
                                    526       85       49       69       48       59       45       74      100 |      1055
                                    444       85       48       61       43       42       31       70      101 |       925
                       oldsurf      385       86       59       54       42       44       57       79       86 |       892
                                    372       67       58       52       37       55       46       88      115 |       890
                                    381       93       50       61       52       55       62       92      151 |       997
                                    573      107       76       73       66       88       99      146      240 |      1468
                                   1067      247      171      211      178      273      287      613     1605 |      4652

                    SUM           11904     1467      837      848      693      828      827     1347     2677 |     21428

