 <pre>

 Contingency table for Cloud cover (octas)
 Selection: METCOOP    277 stations
Period: 20210716-20210724
Used {00,12} + 25 26 ... 36
 Limits   0.500000000       1.50000000       2.50000000       3.50000000       4.50000000       5.50000000       6.50000000       7.50000000    
 Each class is data <= limit, the very last > last limit
 Total number of values       47465
                                                       OBSERVATION
                                  11260     1131      375      333      218      257      175      327      232 |     14308
                                   1956      456      172      261      147      193      135      313      235 |      3868
                                   1060      290      120      141      102      151      116      231      175 |      2386
                                    773      213       89      148       97       96       72      217      174 |      1879
                       newsurf      729      230      112      144      104      123       99      280      168 |      1989
                                    708      220       81      187       90      207      120      338      186 |      2137
                                    700      243       98      186      139      199      151      445      266 |      2427
                                   1008      312      141      260      149      304      213      743      485 |      3615
                                   2122      900      391      682      456     1027      801     4144     4333 |     14856

                    SUM           20316     3995     1579     2342     1502     2557     1882     7038     6254 |     47465
                                                       OBSERVATION
                                  11693     1207      402      405      229      309      197      391      255 |     15088
                                   2001      448      165      246      164      191      150      336      223 |      3924
                                    957      248      103      168      105      185      110      271      195 |      2342
                                    770      247       95      153      107      118       80      248      174 |      1992
                       oldsurf      684      244      111      152       99      132      112      308      171 |      2013
                                    665      235      101      151       86      180      112      340      214 |      2084
                                    690      279      107      181      119      179      167      409      272 |      2403
                                    974      326      141      236      168      307      221      768      465 |      3606
                                   1882      761      354      650      425      956      733     3967     4285 |     14013

                    SUM           20316     3995     1579     2342     1502     2557     1882     7038     6254 |     47465

