 <pre>

 Contingency table for Rh2m 2 patch (RHP2)
 Selection: METCOOP    626 stations
Period: 20210716-20210720
Used {00,12} + 25 26 ... 36
 Limits    30.0000000       50.0000000       65.0000000       75.0000000       85.0000000       95.0000000       100.000000    
 Each class is data <= limit, the very last > last limit
 Total number of values       64743
                                              OBSERVATION
                                     19       87        3        0        0        0        0        0 |       109
                                     83     6049     2242      221       56       38       12        0 |      8701
                                     14     2849     9345     3657      952      302       68        0 |     17187
                       newsurf        1      279     3284     4836     3048      846      176        0 |     12470
                                      0       61     1044     2806     4693     3053      536        0 |     12193
                                      0       16      331     1063     2989     4982     1636        0 |     11017
                                      0        0       31      104      463     1309     1048        0 |      2955
                                      0        0        3        7       11       44       46        0 |       111

                    SUM             117     9341    16283    12694    12212    10574     3522        0 |     64743
                                              OBSERVATION
                                     46      325       21        2        0        0        0        0 |       394
                                     66     7561     4915      724      193       88       22        0 |     13569
                                      4     1311     8713     5277     1934      633      169        0 |     18041
                       oldsurf        1       95     1903     4043     3569     1309      306        0 |     11226
                                      0       31      457     1789     3768     3083      655        0 |      9783
                                      0       16      238      723     2256     3942     1306        0 |      8481
                                      0        2       34      130      472     1462      991        0 |      3091
                                      0        0        2        6       20       57       73        0 |       158

                    SUM             117     9341    16283    12694    12212    10574     3522        0 |     64743

