 <pre>

 Contingency table for Visibility (m)
 Selection: Finland     95 stations
Period: 20210716-20210724
Used {00,12} + 25 26 ... 36
 Limits    1000.00000       5000.00000       10000.0000       20000.0000    
 Each class is data <= limit, the very last > last limit
 Total number of values       18977
                                     OBSERVATION
                                      1        0        2        4        9 |        16
                                      7       17       29      130      264 |       447
                       newsurf        5        8       21      148      401 |       583
                                      5       19       28      541     2412 |      3005
                                      4       24       48     2054    12796 |     14926

                    SUM              22       68      128     2877    15882 |     18977
                                     OBSERVATION
                                      0        1        0        0        1 |         2
                                      6       21       34      131      255 |       447
                       oldsurf        2        8       18       95      257 |       380
                                     10       20       27      486     1844 |      2387
                                      4       18       49     2165    13525 |     15761

                    SUM              22       68      128     2877    15882 |     18977

