 <pre>

 Contingency table for Visibility (m)
 Selection: ALL    691 stations
Period: 20210716-20210720
Used {00,12} + 25 26 ... 36
 Limits    1000.00000       5000.00000       10000.0000       20000.0000    
 Each class is data <= limit, the very last > last limit
 Total number of values       60114
                                     OBSERVATION
                                     43       39       51       67       46 |       246
                                     97      328      595     1214     1108 |      3342
                       newsurf       61      211      617     2118     3048 |      6055
                                     34      198      892     4335    12126 |     17585
                                     13      119     1032     6472    25250 |     32886

                    SUM             248      895     3187    14206    41578 |     60114
                                     OBSERVATION
                                     45       39       35       34       46 |       199
                                     82      214      424      691      630 |      2041
                       oldsurf       55      243      566     1559     1715 |      4138
                                     52      255      848     3926     9953 |     15034
                                     14      144     1314     7996    29234 |     38702

                    SUM             248      895     3187    14206    41578 |     60114

