 <pre>

 Contingency table for Rh2m 2 patch (RHP2)
 Selection: ALL    957 stations
Period: 20210716-20210720
Used {00,12} + 25 26 ... 36
 Limits    30.0000000       50.0000000       65.0000000       75.0000000       85.0000000       95.0000000       100.000000    
 Each class is data <= limit, the very last > last limit
 Total number of values       90149
                                              OBSERVATION
                                     31      151        5        0        1        1        0        0 |       189
                                     90     6588     2439      249       63       42       13        0 |      9484
                                     14     3818    11786     4231     1056      343       82        0 |     21330
                       newsurf        2      612     5838     6774     3741     1053      214        0 |     18234
                                      0      140     1930     4553     6865     4080      712        0 |     18280
                                      0       45      532     1595     4641     7582     2500        0 |     16895
                                      0        1       51      150      716     2513     2093        0 |      5524
                                      0        0        4        8       18       78      105        0 |       213

                    SUM             137    11355    22585    17560    17101    15692     5719        0 |     90149
                                              OBSERVATION
                                     62      445       28        2        1        1        0        0 |       539
                                     69     8617     5646      831      234      112       29        0 |     15538
                                      5     2047    12531     6799     2336      830      226        0 |     24774
                       oldsurf        1      169     3322     6233     5207     1932      439        0 |     17303
                                      0       51      705     2671     5805     4681     1039        0 |     14952
                                      0       23      305      868     2967     6122     2281        0 |     12566
                                      0        3       46      150      529     1947     1588        0 |      4263
                                      0        0        2        6       22       67      117        0 |       214

                    SUM             137    11355    22585    17560    17101    15692     5719        0 |     90149

