 <pre>

 Contingency table for Visibility (m)
 Selection: Denmark     29 stations
Period: 20210716-20210724
Used {00,12} + 25 26 ... 36
 Limits    1000.00000       5000.00000       10000.0000       20000.0000    
 Each class is data <= limit, the very last > last limit
 Total number of values        5503
                                     OBSERVATION
                                      0        1        0        0        0 |         1
                                      8       14       20       50       44 |       136
                       newsurf        8       13       43      156      235 |       455
                                      2       11       33      317     1670 |      2033
                                     10       15      139      557     2157 |      2878

                    SUM              28       54      235     1080     4106 |      5503
                                     OBSERVATION
                                      2        1        0        0        0 |         3
                                      8       13       28       56       22 |       127
                       oldsurf        7       19       41      136      165 |       368
                                      1        6       22      319     1440 |      1788
                                     10       15      144      569     2479 |      3217

                    SUM              28       54      235     1080     4106 |      5503

