 <pre>

 Contingency table for Visibility (m)
 Selection: Norway     37 stations
Period: 20210716-20210724
Used {00,12} + 25 26 ... 36
 Limits    1000.00000       5000.00000       10000.0000       20000.0000    
 Each class is data <= limit, the very last > last limit
 Total number of values        2818
                                     OBSERVATION
                                      1        4        1        4        1 |        11
                                      2       22       10       20       30 |        84
                       newsurf        1       20       30       71       45 |       167
                                      6       58       97      186      509 |       856
                                      2       26      185      248     1239 |      1700

                    SUM              12      130      323      529     1824 |      2818
                                     OBSERVATION
                                      0        5        1        2        1 |         9
                                      3       29       13       23       28 |        96
                       oldsurf        1       16       17       54       27 |       115
                                      5       58       90      177      472 |       802
                                      3       22      202      273     1296 |      1796

                    SUM              12      130      323      529     1824 |      2818

