 <pre>

 Contingency table for Visibility (m)
 Selection: Sweden    158 stations
Period: 20210716-20210724
Used {00,12} + 25 26 ... 36
 Limits    1000.00000       5000.00000       10000.0000       20000.0000    
 Each class is data <= limit, the very last > last limit
 Total number of values       30997
                                     OBSERVATION
                                      4       54       51       61      113 |       283
                                     23      106      183      333      885 |      1530
                       newsurf       23       45      112      303     1143 |      1626
                                      7       37       86      524     4855 |      5509
                                     16       51      104     1122    20756 |     22049

                    SUM              73      293      536     2343    27752 |     30997
                                     OBSERVATION
                                      3       57       63       70      135 |       328
                                     17       87      172      242      658 |      1176
                       oldsurf       26       46       98      235      672 |      1077
                                     10       42      102      543     3930 |      4627
                                     17       61      101     1253    22357 |     23789

                    SUM              73      293      536     2343    27752 |     30997

