 <pre>

 Contingency table for Cloud cover (octas)
 Selection: Norrland     36 stations
Period: 20210716-20210720
Used {00,12} + 25 26 ... 36
 Limits   0.500000000       1.50000000       2.50000000       3.50000000       4.50000000       5.50000000       6.50000000       7.50000000    
 Each class is data <= limit, the very last > last limit
 Total number of values        3837
                                                       OBSERVATION
                                    458       58       37       23       25       21       20       22       25 |       689
                                    115       31       22       21       16       17       17       24       25 |       288
                                     60       17        9       13       16       18       15       12       32 |       192
                                     32       13        9       13       18       13       13       19       17 |       147
                       newsurf       46       13       19       15       13       12       18       17       25 |       178
                                     28       17       12       18       14       21       23       22       28 |       183
                                     37       10       13       23       18       21       17       28       39 |       206
                                     41       24       17       32       25       37       33       52       58 |       319
                                    136       75       54       75       71      116       95      268      745 |      1635

                    SUM             953      258      192      233      216      276      251      464      994 |      3837
                                                       OBSERVATION
                                    467       43       30       25       26       25       22       17       18 |       673
                                    135       28       24       17       18       24       20       21       15 |       302
                                     52       17        8       15       15       18       17       14       24 |       180
                                     43       17       14       20       10       13       10       17       19 |       163
                       oldsurf       36       23       16       16       11       19       10       20       15 |       166
                                     27       14       17       11       15       20       15       27       26 |       172
                                     31       21       14       22       22       13       22       29       46 |       220
                                     37       29       19       25       26       36       28       52       74 |       326
                                    125       66       50       82       73      108      107      267      757 |      1635

                    SUM             953      258      192      233      216      276      251      464      994 |      3837

