 <pre>

 Contingency table for Cloud cover (octas)
 Selection: Sweden    108 stations
Period: 20210716-20210720
Used {00,12} + 25 26 ... 36
 Limits   0.500000000       1.50000000       2.50000000       3.50000000       4.50000000       5.50000000       6.50000000       7.50000000    
 Each class is data <= limit, the very last > last limit
 Total number of values       11305
                                                       OBSERVATION
                                   3042      324      154      118       93       84       81       67       90 |      4053
                                    517      114       73       74       49       40       53       66       87 |      1073
                                    251       59       34       36       33       40       39       37       69 |       598
                                    214       48       33       30       38       27       22       39       53 |       504
                       newsurf      206       46       45       22       36       25       34       40       60 |       514
                                    159       42       21       48       30       53       37       57       69 |       516
                                    182       43       28       40       37       44       47       62       80 |       563
                                    241       56       42       60       44       67       65      111      111 |       797
                                    566      156      103      134      110      173      150      370      925 |      2687

                    SUM            5378      888      533      562      470      553      528      849     1544 |     11305
                                                       OBSERVATION
                                   3107      317      164      127      105      100       97       77       89 |      4183
                                    521       96       59       56       56       56       46       45       73 |      1008
                                    235       57       30       46       33       41       35       54       61 |       592
                                    197       52       28       39       32       30       20       42       55 |       495
                       oldsurf      187       61       42       37       27       35       40       55       49 |       533
                                    170       39       42       33       29       43       37       59       65 |       517
                                    172       62       30       39       39       29       45       56       99 |       571
                                    252       69       45       55       49       59       56      101      128 |       814
                                    537      135       93      130      100      160      152      360      925 |      2592

                    SUM            5378      888      533      562      470      553      528      849     1544 |     11305

