 <pre>

 Contingency table for Cloud cover (octas)
 Selection: SwedenOpenLandWind     44 stations
Period: 20210716-20210724
Used {00,12} + 25 26 ... 36
 Limits   0.500000000       1.50000000       2.50000000       3.50000000       4.50000000       5.50000000       6.50000000       7.50000000    
 Each class is data <= limit, the very last > last limit
 Total number of values        8798
                                                       OBSERVATION
                                   2672      247       99       56       49       43       34       33       53 |      3286
                                    436       86       46       53       30       21       34       44       68 |       818
                                    233       41       16       17       12       24       20       26       47 |       436
                                    182       36       13       26       24       15       11       20       43 |       370
                       newsurf      183       35       30       17       21       17       25       25       33 |       386
                                    160       23       19       29       20       26       23       31       39 |       370
                                    184       31       22       22       23       28       31       43       55 |       439
                                    235       40       23       35       16       34       37       73       84 |       577
                                    460      114       79       98       84      131      108      328      714 |      2116

                    SUM            4745      653      347      353      279      339      323      623     1136 |      8798
                                                       OBSERVATION
                                   2702      237      103       67       62       48       44       34       56 |      3353
                                    476       76       37       41       29       30       21       33       49 |       792
                                    221       33       21       26       16       27       19       38       43 |       444
                                    193       34       22       28       17       17       11       35       40 |       397
                       oldsurf      170       34       18       21       11       16       22       35       27 |       354
                                    154       30       29       26       20       17       20       36       52 |       384
                                    162       47       14       26       20       16       25       37       59 |       406
                                    236       48       37       23       23       34       39       62       98 |       600
                                    431      114       66       95       81      134      122      313      712 |      2068

                    SUM            4745      653      347      353      279      339      323      623     1136 |      8798

