 <pre>

 Contingency table for Cloud cover (octas)
 Selection: SwedenOpenLandWind     44 stations
Period: 20210716-20210720
Used {00,12} + 25 26 ... 36
 Limits   0.500000000       1.50000000       2.50000000       3.50000000       4.50000000       5.50000000       6.50000000       7.50000000    
 Each class is data <= limit, the very last > last limit
 Total number of values        4643
                                                       OBSERVATION
                                   1217      150       64       39       33       35       27       18       27 |      1610
                                    198       53       36       38       19       16       26       29       42 |       457
                                    101       25       12       11       10       18       12       15       30 |       234
                                     87       22        9       15       17       10        8       12       21 |       201
                       newsurf       86       14       21        9       18       10       17       13       23 |       211
                                     66       15       12       21       16       22       17       22       24 |       215
                                     84       24       13       16       14       25       23       33       39 |       271
                                    105       24       11       27       10       22       25       54       41 |       319
                                    224       65       51       64       45       75       53      174      374 |      1125

                    SUM            2168      392      229      240      182      233      208      370      621 |      4643
                                                       OBSERVATION
                                   1235      137       68       43       45       40       33       24       32 |      1657
                                    221       42       26       27       19       24       10       16       27 |       412
                                    114       20       17       17       10       18       14       27       24 |       261
                                     74       22       14       19       12       14        7       21       22 |       205
                       oldsurf       77       28       13       14        8       11       18       22       18 |       209
                                     71       19       22       19       17       17       16       25       29 |       235
                                     71       29        8       19       14        7       16       22       34 |       220
                                    100       33       22       18       18       25       25       44       47 |       332
                                    205       62       39       64       39       77       69      169      388 |      1112

                    SUM            2168      392      229      240      182      233      208      370      621 |      4643

