 <pre>

 Contingency table for Cloud cover (octas)
 Selection: Finland     94 stations
Period: 20210716-20210720
Used {00,12} + 25 26 ... 36
 Limits   0.500000000       1.50000000       2.50000000       3.50000000       4.50000000       5.50000000       6.50000000       7.50000000    
 Each class is data <= limit, the very last > last limit
 Total number of values        9968
                                                       OBSERVATION
                                   1925      200       51       62       35       49       18      101       12 |      2453
                                    330      128       35       49       35       52       25       81       24 |       759
                                    184       70       29       37       32       55       29       70       16 |       522
                                    130       67       21       52       26       29       15       62       19 |       421
                       newsurf      120       84       19       62       38       47       27      101       21 |       519
                                    117       72       15       66       29       70       37      109       24 |       539
                                     97       80       36       64       39       75       46      145       32 |       614
                                    176       82       30       85       36       80       59      240       51 |       839
                                    351      255       95      182      128      320      188     1263      520 |      3302

                    SUM            3430     1038      331      659      398      777      444     2172      719 |      9968
                                                       OBSERVATION
                                   1998      234       59       75       34       66       23      110       13 |      2612
                                    353      105       30       59       42       38       26      100       18 |       771
                                    154       74       18       41       28       65       29       87       25 |       521
                                    121       66       28       44       35       39       22       69       25 |       449
                       oldsurf      121       77       29       50       27       43       24       79       23 |       473
                                    104       85       25       65       23       69       38      116       32 |       557
                                    110       90       31       64       39       71       53      133       19 |       610
                                    161       91       30       85       53       98       55      263       53 |       889
                                    308      216       81      176      117      288      174     1215      511 |      3086

                    SUM            3430     1038      331      659      398      777      444     2172      719 |      9968

