 <pre>

 Contingency table for Rh2m (%)
 Selection: ALL   1001 stations
Period: 20210716-20210720
Used {00,12} + 25 26 ... 36
 Limits    30.0000000       50.0000000       65.0000000       75.0000000       85.0000000       95.0000000       100.000000    
 Each class is data <= limit, the very last > last limit
 Total number of values       94578
                                              OBSERVATION
                                     22       87        1        0        0        0        0        0 |       110
                                     87     5878     1837      162       53       37       10        0 |      8064
                                     20     4588    12330     4048      958      323       77        0 |     22344
                       newsurf        7      726     6615     7560     3732     1050      191        0 |     19881
                                      1      149     2209     5160     7616     4356      783        0 |     20274
                                      0       43      538     1712     5143     8318     2651        0 |     18405
                                      0        1       47      159      715     2389     2038        0 |      5349
                                      0        0        1        8       17       55       70        0 |       151

                    SUM             137    11472    23578    18809    18234    16528     5820        0 |     94578
                                              OBSERVATION
                                     53      342       13        0        1        1        0        0 |       410
                                     74     8351     4911      586      177       76       21        0 |     14196
                                      9     2507    13700     6697     2061      715      186        0 |     25875
                       oldsurf        1      194     3791     7186     5244     1860      395        0 |     18671
                                      0       55      815     3210     6676     4953     1023        0 |     16732
                                      0       21      308      974     3469     6966     2477        0 |     14215
                                      0        2       38      150      587     1908     1648        0 |      4333
                                      0        0        2        6       19       49       70        0 |       146

                    SUM             137    11472    23578    18809    18234    16528     5820        0 |     94578

