 <pre>

 Contingency table for Rh2m 1 patch (RHP1)
 Selection: ALL    971 stations
Period: 20210716-20210720
Used {00,12} + 25 26 ... 36
 Limits    30.0000000       50.0000000       65.0000000       75.0000000       85.0000000       95.0000000       100.000000    
 Each class is data <= limit, the very last > last limit
 Total number of values       91626
                                              OBSERVATION
                                      4       21        5        0        0        0        0        0 |        30
                                    100     4787     1654      198       54       34       12        0 |      6839
                                     24     5284    10619     3666      853      267       59        0 |     20772
                       newsurf        7      982     7208     6595     3292      894      170        0 |     19148
                                      2      209     2771     5266     6891     3591      631        0 |     19361
                                      0       52      692     2080     5425     8038     2403        0 |     18690
                                      0        1       67      211      932     2952     2311        0 |      6474
                                      0        0        5        9       35      104      159        0 |       312

                    SUM             137    11336    23021    18025    17482    15880     5745        0 |     91626
                                              OBSERVATION
                                     57      321       22        2        0        0        0        0 |       402
                                     72     7941     4907      678      159       63       25        0 |     13845
                                      7     2720    12571     6313     1837      530      120        0 |     24098
                       oldsurf        1      267     4056     6378     4848     1526      293        0 |     17369
                                      0       64     1040     3271     6087     4289      782        0 |     15533
                                      0       20      376     1211     3825     7099     2422        0 |     14953
                                      0        3       47      166      701     2310     1957        0 |      5184
                                      0        0        2        6       25       63      146        0 |       242

                    SUM             137    11336    23021    18025    17482    15880     5745        0 |     91626

