 <pre>

 Contingency table for Rh2m (%)
 Selection: ALL   1003 stations
Period: 20210716-20210724
Used {00,12} + 25 26 ... 36
 Limits    30.0000000       50.0000000       65.0000000       75.0000000       85.0000000       95.0000000       100.000000    
 Each class is data <= limit, the very last > last limit
 Total number of values      178634
                                              OBSERVATION
                                     62      144        5        0        0        0        0        0 |       211
                                    318    12379     3377      292       85       37       11        0 |     16499
                                     31     8537    21689     7259     1831      530      104        0 |     39981
                       newsurf        7     1228    11822    13805     6990     2099      372        0 |     36323
                                      2      237     3931     9926    14605     8576     1763        0 |     39040
                                      0       69      991     3306     9534    15796     5684        0 |     35380
                                      0        1       72      317     1456     4704     4346        0 |     10896
                                      0        0        1        9       19      117      158        0 |       304

                    SUM             420    22595    41888    34914    34520    31859    12438        0 |    178634
                                              OBSERVATION
                                    139      517       13        0        1        1        0        0 |       671
                                    267    16706     8154      877      269       88       22        0 |     26383
                                     13     4903    24354    11713     3560     1226      253        0 |     46022
                       oldsurf        1      341     7114    13310     9594     3548      764        0 |     34672
                                      0       91     1628     6702    13347     9902     2340        0 |     34010
                                      0       33      564     2013     6589    13163     5231        0 |     27593
                                      0        4       59      292     1135     3814     3666        0 |      8970
                                      0        0        2        7       25      117      162        0 |       313

                    SUM             420    22595    41888    34914    34520    31859    12438        0 |    178634

