 <pre>

 Contingency table for Rh2m (%)
 Selection: METCOOP    652 stations
Period: 20210716-20210724
Used {00,12} + 25 26 ... 36
 Limits    30.0000000       50.0000000       65.0000000       75.0000000       85.0000000       95.0000000       100.000000    
 Each class is data <= limit, the very last > last limit
 Total number of values      126990
                                              OBSERVATION
                                     52      107        4        0        0        0        0        0 |       163
                                    300    10715     2941      264       71       32       11        0 |     14334
                                     31     6323    17424     6164     1576      443       87        0 |     32048
                       newsurf        6      616     7008     9653     5403     1560      300        0 |     24546
                                      2      125     2244     6087     9798     6163     1301        0 |     25720
                                      0       26      646     2286     6182    10065     3747        0 |     22952
                                      0        0       51      236     1102     2895     2690        0 |      6974
                                      0        0        1        8       14       97      133        0 |       253

                    SUM             391    17912    30319    24698    24146    21255     8269        0 |    126990
                                              OBSERVATION
                                    121      371        8        0        0        0        0        0 |       500
                                    257    13757     6624      720      210       65       17        0 |     21650
                                     12     3484    17498     8897     2798      850      188        0 |     33727
                       oldsurf        1      213     4540     8788     6638     2365      547        0 |     23092
                                      0       63     1153     4413     8765     6714     1617        0 |     22725
                                      0       21      444     1609     4692     8264     3284        0 |     18314
                                      0        3       50      264     1020     2891     2476        0 |      6704
                                      0        0        2        7       23      106      140        0 |       278

                    SUM             391    17912    30319    24698    24146    21255     8269        0 |    126990

