 <pre>

 Contingency table for Visibility (m)
 Selection: Gotaland     47 stations
Period: 20210716-20210720
Used {00,12} + 25 26 ... 36
 Limits    1000.00000       5000.00000       10000.0000       20000.0000    
 Each class is data <= limit, the very last > last limit
 Total number of values        4947
                                     OBSERVATION
                                      1        2        3        2        0 |         8
                                     15       31       29       52       70 |       197
                       newsurf       10        7       17       74      189 |       297
                                      3        6       10      129      963 |      1111
                                      0        9       20      296     3009 |      3334

                    SUM              29       55       79      553     4231 |      4947
                                     OBSERVATION
                                      2        1        3        3        0 |         9
                                     12       15       13       19       12 |        71
                       oldsurf       12       17       26       49       90 |       194
                                      3       11       18      137      718 |       887
                                      0       11       19      345     3411 |      3786

                    SUM              29       55       79      553     4231 |      4947

