 <pre>

 Contingency table for Rh2m 1 patch (RHP1)
 Selection: ALL    973 stations
Period: 20210716-20210724
Used {00,12} + 25 26 ... 36
 Limits    30.0000000       50.0000000       65.0000000       75.0000000       85.0000000       95.0000000       100.000000    
 Each class is data <= limit, the very last > last limit
 Total number of values      172992
                                              OBSERVATION
                                     15       33        5        0        0        0        0        0 |        53
                                    351    10505     3061      386      109       36       11        0 |     14459
                                     42     9822    19232     6751     1715      448       82        0 |     38092
                       newsurf        7     1628    12710    12216     6199     1778      315        0 |     34853
                                      3      314     4684     9572    12989     7295     1437        0 |     36294
                                      0       80     1202     3833     9949    15063     5072        0 |     35199
                                      0        1      103      434     1883     6012     5099        0 |     13532
                                      0        0        5       15       43      177      270        0 |       510

                    SUM             418    22383    41002    33207    32887    30809    12286        0 |    172992
                                              OBSERVATION
                                    132      470       27        2        0        0        0        0 |       631
                                    273    15959     8191     1081      262       75       27        0 |     25868
                                     12     5374    22763    11213     3229      865      162        0 |     43618
                       oldsurf        1      435     7350    11840     8705     2850      522        0 |     31703
                                      0      110     1909     6274    11869     8514     1666        0 |     30342
                                      0       29      674     2452     7322    13421     5023        0 |     28921
                                      0        6       86      338     1467     4933     4604        0 |     11434
                                      0        0        2        7       33      151      282        0 |       475

                    SUM             418    22383    41002    33207    32887    30809    12286        0 |    172992

