 <pre>

 Contingency table for Rh2m 2 patch (RHP2)
 Selection: Norway    220 stations
Period: 20210716-20210724
Used {00,12} + 25 26 ... 36
 Limits    30.0000000       50.0000000       65.0000000       75.0000000       85.0000000       95.0000000       100.000000    
 Each class is data <= limit, the very last > last limit
 Total number of values       43448
                                              OBSERVATION
                                     66       60        4        0        0        0        0        0 |       130
                                    184     3484      651       76       15        2        0        0 |      4412
                                     16     1648     3112      922      355      124       35        0 |      6212
                       newsurf        0      193     1913     2146     1550      610      187        0 |      6599
                                      1       58      799     2245     3958     3026      638        0 |     10725
                                      0       10      270     1027     3165     5517     1910        0 |     11899
                                      0        0       26       80      507     1449     1231        0 |      3293
                                      0        0        3        7       10       74       84        0 |       178

                    SUM             267     5453     6778     6503     9560    10802     4085        0 |     43448
                                              OBSERVATION
                                     96       94        2        0        0        0        0        0 |       192
                                    164     4367     1484      177       37       13        1        0 |      6243
                                      7      898     3525     1688      768      267       66        0 |      7219
                       oldsurf        0       73     1196     2162     2090     1059      298        0 |      6878
                                      0       13      369     1662     3557     3039      780        0 |      9420
                                      0        6      173      727     2600     4718     1588        0 |      9812
                                      0        2       27       81      488     1614     1251        0 |      3463
                                      0        0        2        6       20       92      101        0 |       221

                    SUM             267     5453     6778     6503     9560    10802     4085        0 |     43448

