 <pre>

 Contingency table for Cloud cover (octas)
 Selection: Gotaland     38 stations
Period: 20210716-20210724
Used {00,12} + 25 26 ... 36
 Limits   0.500000000       1.50000000       2.50000000       3.50000000       4.50000000       5.50000000       6.50000000       7.50000000    
 Each class is data <= limit, the very last > last limit
 Total number of values        7500
                                                       OBSERVATION
                                   3148      276      102       79       54       53       47       40       59 |      3858
                                    428       69       34       41       23       19       22       21       50 |       707
                                    213       37       21       16       13       15       24       22       22 |       383
                                    177       30       19       18       17        9        3       10       26 |       309
                       newsurf      166       31       18       10       21        5       10       17       22 |       300
                                    147       23       10       18        9       17        5       18       35 |       282
                                    166       26       10       17       17       14       21       15       31 |       317
                                    233       35       24       19       18       22       23       32       43 |       449
                                    359       81       52       44       39       40       44       95      141 |       895

                    SUM            5037      608      290      262      211      194      199      270      429 |      7500
                                                       OBSERVATION
                                   3193      278      107       78       65       63       54       48       72 |      3958
                                    473       66       37       30       36       23       21       20       46 |       752
                                    211       28       17       25       16       18       15       20       30 |       380
                                    160       35       10       19       13        7        7       19       35 |       305
                       oldsurf      145       33       21       21       16        8       15       22       23 |       304
                                    133       24       16       19        9       10       12       25       22 |       270
                                    149       38       13       10       13       11       10       19       31 |       294
                                    232       36       22       21       14       14       25       22       42 |       428
                                    341       70       47       39       29       40       40       75      128 |       809

                    SUM            5037      608      290      262      211      194      199      270      429 |      7500

