 <pre>

 Contingency table for Rh2m 1 patch (RHP1)
 Selection: METCOOP    639 stations
Period: 20210716-20210724
Used {00,12} + 25 26 ... 36
 Limits    30.0000000       50.0000000       65.0000000       75.0000000       85.0000000       95.0000000       100.000000    
 Each class is data <= limit, the very last > last limit
 Total number of values      124387
                                              OBSERVATION
                                     12       18        3        0        0        0        0        0 |        33
                                    327     9183     2774      352       94       32       10        0 |     12772
                                     41     7512    16022     5809     1498      373       69        0 |     31324
                       newsurf        7      805     7447     8893     4869     1364      261        0 |     23646
                                      2      152     2483     5909     8978     5281     1062        0 |     23867
                                      0       35      758     2596     6730    10223     3481        0 |     23823
                                      0        0       74      324     1364     3662     3180        0 |      8604
                                      0        0        4        8       27      113      166        0 |       318

                    SUM             389    17705    29565    23891    23560    21048     8229        0 |    124387
                                              OBSERVATION
                                    118      337       23        2        0        0        0        0 |       480
                                    258    13273     7013      936      210       56       22        0 |     21768
                                     12     3743    16283     8595     2578      598      124        0 |     31933
                       oldsurf        1      253     4344     7826     6014     1835      349        0 |     20622
                                      0       80     1293     4237     7912     5700     1098        0 |     20320
                                      0       15      536     1991     5555     9194     3328        0 |     20619
                                      0        4       71      297     1264     3541     3115        0 |      8292
                                      0        0        2        7       27      124      193        0 |       353

                    SUM             389    17705    29565    23891    23560    21048     8229        0 |    124387

