 <pre>

 Contingency table for Cloud cover (octas)
 Selection: Norrland     36 stations
Period: 20210716-20210724
Used {00,12} + 25 26 ... 36
 Limits   0.500000000       1.50000000       2.50000000       3.50000000       4.50000000       5.50000000       6.50000000       7.50000000    
 Each class is data <= limit, the very last > last limit
 Total number of values        7270
                                                       OBSERVATION
                                    857       85       55       32       35       28       31       36       56 |      1215
                                    267       55       32       35       24       21       24       41       59 |       558
                                    147       36       18       20       21       21       22       22       55 |       362
                                    100       28       15       23       25       21       20       28       45 |       305
                       newsurf      122       27       27       22       19       22       23       26       41 |       329
                                    117       24       21       30       18       31       35       37       48 |       361
                                    115       16       19       34       27       30       26       37       80 |       384
                                    161       40       35       45       37       60       56       86      127 |       647
                                    385      137       98      137      131      207      211      481     1322 |      3109

                    SUM            2271      448      320      378      337      441      448      794     1833 |      7270
                                                       OBSERVATION
                                    842       70       46       42       35       36       35       29       47 |      1182
                                    308       54       34       29       28       32       32       38       50 |       605
                                    134       30       16       24       22       25       20       25       43 |       339
                                    127       30       22       31       16       18       15       28       40 |       327
                       oldsurf      103       31       21       23       20       25       24       30       41 |       318
                                    114       28       24       20       19       29       19       42       61 |       356
                                    116       32       25       40       33       27       36       50       87 |       446
                                    155       47       38       38       36       55       56       85      151 |       661
                                    372      126       94      131      128      194      211      467     1313 |      3036

                    SUM            2271      448      320      378      337      441      448      794     1833 |      7270

