 <pre>

 Contingency table for Cloud cover (octas)
 Selection: FinlandLand     56 stations
Period: 20210716-20210724
Used {00,12} + 25 26 ... 36
 Limits   0.500000000       1.50000000       2.50000000       3.50000000       4.50000000       5.50000000       6.50000000       7.50000000    
 Each class is data <= limit, the very last > last limit
 Total number of values       11259
                                                       OBSERVATION
                                   1392      169       34       61       27       51       19      101       13 |      1867
                                    321      115       27       76       35       62       27      115       41 |       819
                                    182       71       32       48       25       54       26       86       33 |       557
                                    129       70       20       50       20       23       21       80       39 |       452
                       newsurf      105       66       18       55       27       47       30      126       42 |       516
                                    124       76       19       55       26       84       30      146       40 |       600
                                    107       78       30       71       48       79       47      175       52 |       687
                                    176      101       28       89       44      106       64      305      109 |      1022
                                    385      311       95      250      128      417      204     2014      935 |      4739

                    SUM            2921     1057      303      755      380      923      468     3148     1304 |     11259
                                                       OBSERVATION
                                   1493      192       37       77       29       68       28      119       25 |      2068
                                    336      125       30       78       34       51       37      133       44 |       868
                                    172       72       26       56       32       54       27      102       44 |       585
                                    119       82       23       52       36       49       21       89       31 |       502
                       oldsurf      110       59       27       52       15       51       34      115       42 |       505
                                    106       74       21       48       22       72       24      154       43 |       564
                                    108       87       21       63       41       77       56      143       40 |       636
                                    157      115       33       93       48      115       54      347       94 |      1056
                                    320      251       85      236      123      386      187     1946      941 |      4475

                    SUM            2921     1057      303      755      380      923      468     3148     1304 |     11259

