 <pre>

 Contingency table for Cloud cover (octas)
 Selection: ALL    592 stations
Period: 20210716-20210724
Used {00,12} + 25 26 ... 36
 Limits   0.500000000       1.50000000       2.50000000       3.50000000       4.50000000       5.50000000       6.50000000       7.50000000    
 Each class is data <= limit, the very last > last limit
 Total number of values       89255
                                                       OBSERVATION
                                  15671     1927     1043      720      407      496      488      516      487 |     21755
                                   3107      843      525      503      310      374      360      537      516 |      7075
                                   1621      469      309      307      238      304      306      438      428 |      4420
                                   1187      345      266      296      192      236      255      386      437 |      3600
                       newsurf     1125      385      287      281      194      261      275      475      434 |      3717
                                   1102      382      271      343      209      355      351      578      510 |      4101
                                   1154      433      304      393      296      398      399      771      674 |      4822
                                   1629      547      409      515      366      558      627     1285     1299 |      7235
                                   3801     1610     1217     1447     1179     2032     2405     7363    11476 |     32530

                    SUM           30397     6941     4631     4805     3391     5014     5466    12349    16261 |     89255
                                                       OBSERVATION
                                  17261     2244     1258      960      513      666      618      698      629 |     24847
                                   2981      823      534      528      364      433      458      636      573 |      7330
                                   1425      450      312      345      237      346      327      506      507 |      4455
                                   1117      419      267      298      222      257      270      451      453 |      3754
                       oldsurf     1005      390      282      308      207      271      295      522      489 |      3769
                                    993      370      268      296      209      349      327      621      608 |      4041
                                   1060      447      311      356      291      375      447      775      777 |      4839
                                   1526      540      406      481      373      548      625     1390     1370 |      7259
                                   3029     1258      993     1233      975     1769     2099     6750    10855 |     28961

                    SUM           30397     6941     4631     4805     3391     5014     5466    12349    16261 |     89255

