 <pre>

 Contingency table for Visibility (m)
 Selection: METCOOPMountain     15 stations
Period: 20210716-20210720
Used {00,12} + 25 26 ... 36
 Limits    1000.00000       5000.00000       10000.0000       20000.0000    
 Each class is data <= limit, the very last > last limit
 Total number of values        1519
                                     OBSERVATION
                                      0        1        1        6        4 |        12
                                      0        9       34       40       92 |       175
                       newsurf        0        8       24       49       71 |       152
                                      1       10       23      120      331 |       485
                                      0        3       14       61      617 |       695

                    SUM               1       31       96      276     1115 |      1519
                                     OBSERVATION
                                      0        3        2        3        9 |        17
                                      0       11       46       54      114 |       225
                       oldsurf        0        8       18       41       69 |       136
                                      1        7       19       94      304 |       425
                                      0        2       11       84      619 |       716

                    SUM               1       31       96      276     1115 |      1519

